numofNodes: 11
numofPeriods: 6
VehicleNum: 3
VehicleCapacity: 600
Node	X    Y      InvCost  	 InitialInv  	MinLevelInv	MaxLevelInv	Demand0     Demand1     Demand2     Demand3     Demand4     Demand5     
0	68	205	0.34	455	0	2155	471	548	598	394	589	500	
1	442	64	0.57	48	0	243	40	38	81	80	44	17	
2	35	166	0.62	44	0	222	20	44	74	23	30	53	
3	107	144	0.6	34	0	174	31	38	41	10	87	45	
4	294	191	0.56	39	0	196	87	98	15	34	61	12	
5	67	156	0.68	48	0	243	24	43	81	20	76	16	
6	206	345	0.65	38	0	190	39	24	34	29	95	79	
7	127	434	0.68	30	0	154	26	53	76	39	77	71	
8	173	375	0.59	85	0	285	90	80	21	34	41	95	
9	159	363	0.67	32	0	160	42	34	80	34	59	75	
10	447	42	0.73	57	0	288	72	96	95	91	19	37	
CostMatrix
0 399 51 72 226 49 196 236 199 182 412 
399 0 419 344 195 386 366 485 411 411 22 
51 419 0 75 260 33 247 283 250 232 430 
72 344 75 0 192 41 224 290 240 225 354 
226 195 260 192 0 229 177 294 220 218 213 
49 386 33 41 229 0 234 284 243 226 396 
196 366 247 224 177 234 0 119 44 50 387 
236 485 283 290 294 284 119 0 74 77 506 
199 411 250 240 220 243 44 74 0 18 431 
182 411 232 225 218 226 50 77 18 0 431 
412 22 430 354 213 396 387 506 431 431 0 
