numofNodes: 16
numofPeriods: 2
VehicleNum: 8
VehicleCapacity: 1050
Node	X    Y      InvCost  	 InitialInv  	MinLevelInv	MaxLevelInv	Demand0     Demand1     
0	39	354	0.16	708	0	2961	1050	945	
1	83	440	0.65	16	0	82	41	40	
2	35	117	0.61	32	0	160	80	27	
3	389	63	0.72	60	0	300	90	100	
4	95	30	0.52	90	0	300	81	100	
5	394	446	0.56	60	0	300	100	75	
6	270	86	0.69	26	0	134	34	67	
7	222	15	0.64	45	0	152	76	62	
8	95	169	0.74	37	0	186	38	62	
9	447	407	0.68	52	0	176	88	83	
10	203	421	0.52	59	0	297	99	97	
11	290	43	0.72	27	0	90	45	16	
12	41	278	0.56	60	0	300	100	97	
13	309	77	0.55	39	0	132	44	38	
14	384	341	0.76	57	0	192	54	64	
15	100	170	0.53	48	0	160	80	17	
CostMatrix
0 96 237 455 328 366 353 385 193 411 177 399 76 386 345 193 
96 0 326 485 410 311 400 447 271 365 121 447 167 427 316 270 
237 326 0 358 105 486 237 213 79 503 347 265 161 276 414 83 
455 485 358 0 295 383 121 173 312 348 403 101 409 81 278 308 
328 410 105 295 0 512 183 127 139 515 405 195 253 219 424 140 
366 311 486 383 512 0 380 464 407 65 192 416 390 378 105 403 
353 400 237 121 183 380 0 85 193 366 341 47 298 40 279 189 
385 447 213 173 127 464 85 0 199 451 406 73 319 106 364 197 
193 271 79 312 139 407 193 199 0 424 274 232 121 232 336 5 
411 365 503 348 515 65 366 451 424 0 244 396 426 357 91 420 
177 121 347 403 405 192 341 406 274 244 0 387 216 359 197 271 
399 447 265 101 195 416 47 73 232 396 387 0 342 38 312 228 
76 167 161 409 253 390 298 319 121 426 216 342 0 335 348 123 
386 427 276 81 219 378 40 106 232 357 359 38 335 0 274 228 
345 316 414 278 424 105 279 364 336 91 197 312 348 274 0 331 
193 270 83 308 140 403 189 197 5 420 271 228 123 228 331 0 
