numofNodes: 16
numofPeriods: 3
VehicleNum: 8
VehicleCapacity: 870
Node	X    Y      InvCost  	 InitialInv  	MinLevelInv	MaxLevelInv	Demand0     Demand1     Demand2     
0	216	205	0.38	614	0	2496	772	820	861	
1	159	145	0.56	58	0	194	74	28	97	
2	70	127	0.52	51	0	170	69	85	53	
3	86	69	0.5	60	0	201	51	44	67	
4	266	273	0.79	57	0	285	90	95	86	
5	122	350	0.56	67	0	225	52	75	72	
6	251	93	0.61	31	0	156	44	52	21	
7	273	454	0.55	30	0	102	39	51	41	
8	391	441	0.55	36	0	120	60	23	51	
9	73	323	0.59	13	0	68	34	11	29	
10	286	256	0.75	32	0	162	17	81	47	
11	271	343	0.6	34	0	172	36	68	86	
12	297	9	0.75	22	0	111	26	33	37	
13	98	321	0.54	54	0	180	51	90	27	
14	25	321	0.5	33	0	168	39	37	56	
15	497	57	0.73	36	0	182	90	47	91	
CostMatrix
0 82 165 188 84 172 117 255 293 185 86 148 212 165 223 317 
82 0 90 105 166 208 105 329 376 197 168 227 193 186 221 349 
165 90 0 60 244 228 184 384 449 196 251 295 255 196 199 432 
188 105 60 0 272 283 166 428 481 254 273 330 219 252 259 411 
84 166 244 272 0 163 180 181 209 199 26 70 265 174 245 316 
172 208 228 283 163 0 287 183 283 55 189 149 383 37 101 475 
117 105 184 166 180 287 0 361 375 290 166 250 95 274 321 248 
255 329 384 428 181 183 361 0 118 239 198 111 445 219 281 455 
293 376 449 481 209 283 375 118 0 339 212 154 442 316 385 398 
185 197 196 254 199 55 290 239 339 0 223 199 385 25 48 500 
86 168 251 273 26 189 166 198 212 223 0 88 247 198 268 290 
148 227 295 330 70 149 250 111 154 199 88 0 335 174 246 364 
212 193 255 219 265 383 95 445 442 385 247 335 0 370 413 205 
165 186 196 252 174 37 274 219 316 25 198 174 370 0 73 478 
223 221 199 259 245 101 321 281 385 48 268 246 413 73 0 540 
317 349 432 411 316 475 248 455 398 500 290 364 205 478 540 0 
