numofNodes: 31
numofPeriods: 9
VehicleNum: 9
VehicleCapacity: 1780
Node	X    Y      InvCost  	 InitialInv  	MinLevelInv	MaxLevelInv	Demand0     Demand1     Demand2     Demand3     Demand4     Demand5     Demand6     Demand7     Demand8     
0	270	267	0.15	1808	0	6816	1708	1778	1609	1644	1505	1698	1439	1673	1649	
1	129	63	0.52	29	0	148	10	39	46	39	49	53	74	27	61	
2	105	218	0.59	68	0	228	45	66	76	31	34	56	55	55	53	
3	120	44	0.53	52	0	174	34	12	16	68	14	34	16	35	87	
4	375	261	0.63	60	0	200	79	36	91	83	67	99	35	67	100	
5	352	415	0.62	39	0	198	32	87	60	10	99	65	43	60	73	
6	205	275	0.64	88	0	294	87	36	83	77	58	70	58	60	98	
7	166	178	0.52	48	0	162	55	81	50	66	53	77	73	73	40	
8	81	185	0.56	37	0	188	94	79	16	13	36	56	14	49	28	
9	396	249	0.68	54	0	270	65	41	20	73	52	90	27	33	40	
10	80	157	0.53	81	0	273	43	43	29	59	47	39	50	91	17	
11	340	202	0.66	79	0	264	88	81	80	83	37	62	15	14	62	
12	358	488	0.65	58	0	194	69	60	11	97	36	67	45	37	79	
13	399	403	0.69	83	0	279	46	86	21	27	93	44	52	89	30	
14	114	59	0.76	58	0	196	83	98	13	16	25	45	59	61	44	
15	388	306	0.69	85	0	285	95	30	35	74	66	74	21	30	77	
16	437	242	0.78	36	0	180	34	80	12	85	34	16	90	42	23	
17	210	234	0.72	57	0	190	63	62	43	24	72	95	64	14	16	
18	457	441	0.51	85	0	285	83	95	83	80	23	42	33	30	48	
19	433	275	0.73	90	0	300	53	51	62	68	87	71	63	37	100	
20	153	52	0.52	24	0	124	18	41	62	57	17	46	50	52	26	
21	168	267	0.52	60	0	300	83	84	95	35	28	100	51	93	94	
22	303	33	0.72	37	0	188	38	12	71	69	78	26	41	94	90	
23	484	204	0.69	88	0	294	52	22	89	98	90	27	33	91	11	
24	14	54	0.66	88	0	294	21	10	84	48	26	66	71	98	26	
25	110	65	0.61	58	0	194	92	96	57	14	97	15	30	96	44	
26	354	228	0.74	51	0	172	29	44	27	43	86	34	58	23	51	
27	355	286	0.68	37	0	188	69	62	94	86	42	58	69	22	32	
28	305	293	0.56	35	0	178	81	71	89	41	24	16	37	21	71	
29	329	62	0.5	86	0	288	42	96	39	18	18	95	41	83	90	
30	65	148	0.63	57	0	288	25	77	55	62	17	60	71	96	38	
CostMatrix
0 247 172 268 105 169 65 136 206 127 219 95 237 187 260 124 168 68 255 163 244 102 236 223 333 257 92 87 43 213 237 
247 0 156 21 315 416 225 120 131 325 106 252 482 434 15 355 356 189 500 370 26 207 176 381 115 19 279 317 289 200 106 
172 156 0 174 273 315 115 72 40 292 65 235 370 347 159 296 332 106 416 332 172 79 270 379 187 153 249 259 213 272 80 
268 21 174 0 334 437 246 141 146 343 119 270 503 454 16 374 373 210 520 389 33 228 183 397 106 23 297 337 310 209 117 
105 315 273 334 0 155 170 224 303 24 312 68 227 144 330 46 64 167 197 59 304 207 239 123 416 329 39 32 76 204 329 
169 416 315 437 155 0 203 301 355 171 374 213 73 48 428 114 192 230 108 161 413 236 385 248 494 425 187 129 130 353 391 
65 225 115 246 170 203 0 104 153 192 171 153 262 232 234 185 234 41 301 228 228 37 261 287 292 230 156 150 101 246 189 
136 120 72 141 224 301 104 0 85 240 88 175 364 323 129 256 278 71 392 284 126 89 199 319 196 126 194 217 180 200 105 
206 131 40 146 303 355 153 85 0 321 28 259 410 385 130 329 360 137 454 363 151 119 269 403 147 123 276 292 248 276 40 
127 325 292 343 24 171 192 240 321 0 329 73 242 154 340 57 41 186 201 45 312 228 235 98 428 340 46 55 101 198 346 
219 106 65 119 312 374 171 88 28 329 0 263 432 402 103 342 366 151 472 372 127 140 255 406 122 96 283 303 262 266 17 
95 252 235 270 68 213 153 175 259 73 263 0 286 209 267 114 104 133 266 118 239 183 173 144 358 267 29 85 97 140 280 
237 482 370 503 227 73 262 364 410 242 432 286 0 94 493 184 258 293 109 225 481 291 458 310 553 490 260 202 202 426 448 
187 434 347 454 144 48 232 323 385 154 402 209 94 0 446 97 165 253 69 132 428 268 382 216 519 444 180 125 144 348 420 
260 15 159 16 330 428 234 129 130 340 103 267 493 446 0 368 371 199 513 385 39 214 190 397 100 7 293 331 302 215 101 
124 355 296 374 46 114 185 256 329 57 342 114 184 97 368 0 80 192 151 54 346 223 285 140 450 367 85 38 84 251 359 
168 356 332 373 64 192 234 278 360 41 366 104 258 165 371 80 0 227 200 33 341 270 248 60 462 371 84 93 141 209 383 
68 189 106 210 167 230 41 71 137 186 151 133 293 253 199 192 227 0 322 226 190 53 221 275 266 196 144 154 111 209 168 
255 500 416 520 197 108 301 392 454 201 472 266 109 69 513 151 200 322 0 167 493 337 436 238 588 511 236 185 212 400 489 
163 370 332 389 59 161 228 284 363 45 372 118 225 132 385 54 33 226 167 0 357 265 274 87 473 385 91 78 129 237 389 
244 26 172 33 304 413 228 126 151 312 127 239 481 428 39 346 341 190 493 357 0 215 151 364 139 44 267 309 284 176 130 
102 207 79 228 207 236 37 89 119 228 140 183 291 268 214 223 270 53 337 265 215 0 270 322 262 210 190 187 139 260 157 
236 176 270 183 239 385 261 199 269 235 255 173 458 382 190 285 248 221 436 274 151 270 0 249 289 195 201 258 260 38 264 
223 381 379 397 123 248 287 319 403 98 406 144 310 216 397 140 60 275 238 87 364 322 249 0 493 398 132 152 199 210 422 
333 115 187 106 416 494 292 196 147 428 122 358 553 519 100 450 462 266 588 473 139 262 289 493 0 96 381 412 376 315 106 
257 19 153 23 329 425 230 126 123 340 96 267 490 444 7 367 371 196 511 385 44 210 195 398 96 0 293 329 300 219 94 
92 279 249 297 39 187 156 194 276 46 283 29 260 180 293 85 84 144 236 91 267 190 201 132 381 293 0 58 81 167 299 
87 317 259 337 32 129 150 217 292 55 303 85 202 125 331 38 93 154 185 78 309 187 258 152 412 329 58 0 50 225 321 
43 289 213 310 76 130 101 180 248 101 262 97 202 144 302 84 141 111 212 129 284 139 260 199 376 300 81 50 0 232 280 
213 200 272 209 204 353 246 200 276 198 266 140 426 348 215 251 209 209 400 237 176 260 38 210 315 219 167 225 232 0 277 
237 106 80 117 329 391 189 105 40 346 17 280 448 420 101 359 383 168 489 389 130 157 264 422 106 94 299 321 280 277 0 
