numofNodes: 31
numofPeriods: 6
VehicleNum: 9
VehicleCapacity: 1780
Node	X    Y      InvCost  	 InitialInv  	MinLevelInv	MaxLevelInv	Demand0     Demand1     Demand2     Demand3     Demand4     Demand5     
0	260	359	0.44	1618	0	6466	1501	1662	1725	1639	1779	1327	
1	336	265	0.73	85	0	285	28	50	73	80	62	95	
2	197	139	0.65	87	0	291	91	43	97	75	24	38	
3	392	155	0.64	23	0	118	59	17	59	15	13	52	
4	54	310	0.59	39	0	196	71	65	90	95	98	56	
5	323	497	0.52	60	0	300	68	100	67	35	82	35	
6	463	406	0.78	73	0	246	42	82	47	24	13	70	
7	284	379	0.57	57	0	192	47	56	72	34	96	30	
8	215	323	0.73	39	0	198	40	66	52	62	50	20	
9	158	141	0.71	52	0	174	39	42	58	37	57	25	
10	31	106	0.51	39	0	198	66	55	99	57	35	13	
11	251	285	0.52	88	0	294	17	38	66	98	66	26	
12	110	323	0.79	58	0	294	58	14	96	98	42	38	
13	442	26	0.6	38	0	190	90	95	45	10	28	10	
14	158	205	0.55	16	0	56	22	28	18	26	23	27	
15	217	287	0.56	39	0	198	99	34	88	26	75	13	
16	229	471	0.56	57	0	190	95	19	13	14	84	46	
17	216	182	0.75	46	0	156	67	78	76	65	51	16	
18	366	45	0.76	58	0	196	10	51	14	42	29	98	
19	268	103	0.55	56	0	188	40	94	40	79	72	53	
20	169	186	0.76	37	0	186	40	59	63	29	93	31	
21	278	240	0.67	57	0	190	11	95	18	38	39	33	
22	478	171	0.53	48	0	240	22	50	32	42	51	80	
23	69	406	0.64	37	0	186	92	92	62	93	64	28	
24	414	117	0.79	89	0	297	24	94	46	45	99	74	
25	490	108	0.59	45	0	228	29	40	54	76	61	49	
26	442	31	0.54	59	0	297	39	20	57	98	47	99	
27	376	96	0.68	56	0	188	22	44	24	46	94	53	
28	105	222	0.79	55	0	184	58	92	44	60	74	11	
29	495	463	0.71	54	0	273	55	27	76	79	91	85	
30	34	371	0.63	71	0	237	60	22	79	61	66	23	
CostMatrix
0 120 228 242 211 151 208 31 57 240 341 74 154 379 184 83 116 182 331 256 195 120 287 196 286 340 375 287 206 256 226 
120 0 187 123 285 232 189 125 134 216 343 87 233 261 187 121 232 145 222 175 184 63 170 301 167 219 256 173 234 253 320 
228 187 0 195 222 379 376 255 184 39 169 155 203 269 76 149 333 47 193 79 54 129 282 296 218 294 267 184 123 440 283 
242 123 195 0 371 348 260 248 244 234 364 191 328 138 239 219 355 178 113 134 225 142 87 409 43 108 133 61 294 324 418 
211 285 222 371 0 327 420 240 161 198 205 198 57 480 147 164 237 206 409 297 169 234 446 97 408 480 477 386 101 466 64 
151 232 379 348 327 0 166 124 204 392 488 223 275 485 335 235 97 332 454 397 347 260 360 269 390 423 480 404 350 175 315 
208 189 376 260 420 166 0 181 261 404 525 244 362 380 365 273 242 333 373 360 367 248 235 394 293 299 375 321 402 65 430 
31 125 255 248 240 124 181 0 88 269 372 99 182 386 214 113 107 208 343 276 224 139 284 216 292 340 382 297 238 227 250 
57 134 184 244 161 204 261 88 0 190 284 52 105 373 131 36 148 141 316 226 144 104 303 167 286 349 369 278 149 313 187 
240 216 39 234 198 392 404 269 190 0 131 171 188 306 64 157 337 71 229 116 46 155 321 279 257 333 304 222 96 466 261 
341 343 169 364 205 488 525 372 284 131 0 283 230 418 161 259 415 200 340 237 159 281 451 302 383 459 417 345 137 585 265 
74 87 155 191 198 223 244 99 52 171 283 0 146 321 122 34 187 108 266 182 128 52 254 218 234 297 317 226 159 302 233 
154 233 203 328 57 275 362 182 105 188 230 146 0 445 127 112 189 176 377 270 149 187 398 92 367 436 442 349 101 409 89 
379 261 269 138 480 485 380 386 373 306 418 321 445 0 335 344 493 274 78 190 316 269 149 532 95 95 5 96 389 440 534 
184 187 76 239 147 335 365 214 131 64 161 122 127 335 0 101 275 62 262 150 21 125 321 219 270 345 333 243 55 424 207 
83 121 149 219 164 235 273 113 36 157 259 34 112 344 101 0 184 105 284 190 111 77 285 189 260 326 340 248 129 329 201 
116 232 333 355 237 97 242 107 148 337 415 187 189 493 275 184 0 289 447 370 291 236 389 172 399 447 488 402 278 266 219 
182 145 47 178 206 332 333 208 141 71 200 108 176 274 62 105 289 0 203 94 47 84 262 267 208 283 271 181 117 395 262 
331 222 193 113 409 454 373 343 316 229 340 266 377 78 262 284 447 203 0 113 242 213 168 467 86 139 77 51 315 437 465 
256 175 79 134 297 397 360 276 226 116 237 182 270 190 150 190 370 94 113 0 129 137 220 362 146 222 188 108 201 425 355 
195 184 54 225 169 347 367 224 144 46 159 128 149 316 21 111 291 47 242 129 0 121 309 241 254 330 313 225 73 427 229 
120 63 129 142 234 260 248 139 104 155 281 52 187 269 125 77 236 84 213 137 121 0 211 266 183 249 265 174 173 311 276 
287 170 282 87 446 360 235 284 303 321 451 254 398 149 321 285 389 262 168 220 309 211 0 471 83 64 144 126 376 292 486 
196 301 296 409 97 269 394 216 167 279 302 218 92 532 219 189 172 267 467 362 241 266 471 0 450 515 528 436 187 429 49 
286 167 218 43 408 390 293 292 286 257 383 234 367 95 270 260 399 208 86 146 254 183 83 450 0 76 90 43 326 355 457 
340 219 294 108 480 423 299 340 349 333 459 297 436 95 345 326 447 283 139 222 330 249 64 515 76 0 90 114 401 355 526 
375 256 267 133 477 480 375 382 369 304 417 317 442 5 333 340 488 271 77 188 313 265 144 528 90 90 0 92 387 435 531 
287 173 184 61 386 404 321 297 278 222 345 226 349 96 243 248 402 181 51 108 225 174 126 436 43 114 92 0 298 385 438 
206 234 123 294 101 350 402 238 149 96 137 159 101 389 55 129 278 117 315 201 73 173 376 187 326 401 387 298 0 458 165 
256 253 440 324 466 175 65 227 313 466 585 302 409 440 424 329 266 395 437 425 427 311 292 429 355 355 435 385 458 0 470 
226 320 283 418 64 315 430 250 187 261 265 233 89 534 207 201 219 262 465 355 229 276 486 49 457 526 531 438 165 470 0 
